3 0.041509 0.355474 0.058962 0.159188
3 0.246108 0.564932 0.104953 0.259727
3 0.362264 0.562837 0.125000 0.226214
3 0.244340 0.432974 0.077830 0.121485
3 0.342807 0.418312 0.067217 0.104729
3 0.320991 0.349191 0.080189 0.104729
3 0.288561 0.257029 0.041274 0.079594
3 0.370519 0.311488 0.051887 0.092161
3 0.342217 0.244462 0.033019 0.075405
3 0.479009 0.229800 0.061321 0.092161
3 0.481958 0.168010 0.038915 0.077499
3 0.570401 0.218280 0.038915 0.094256
3 0.535024 0.453919 0.100236 0.213647
3 0.661203 0.307299 0.055425 0.117296
3 0.611085 0.214091 0.049528 0.090067
3 0.660613 0.203618 0.047170 0.090067
3 0.718986 0.231895 0.071934 0.100540
3 0.822170 0.209901 0.056604 0.111012
3 0.864623 0.514662 0.101415 0.142431
3 0.901061 0.652904 0.197877 0.234592