0 0.277358 0.841719 0.084906 0.067086
0 0.472524 0.775681 0.043632 0.048218
0 0.535024 0.749476 0.045991 0.041929
0 0.624057 0.730608 0.044811 0.037736
0 0.674764 0.690776 0.037736 0.046122
0 0.924289 0.692872 0.043403 0.033543
1 0.470211 0.630845 0.006665 0.025522
1 0.478671 0.632212 0.005127 0.028256
0 0.424004 0.478220 0.007862 0.010870
0 0.348008 0.530631 0.009609 0.014753
0 0.448149 0.470173 0.008934 0.010165
0 0.603774 0.519344 0.016438 0.016517
0 0.617353 0.518074 0.011435 0.019059
0 0.757254 0.558097 0.017510 0.015247
0 0.781375 0.561591 0.022156 0.019694
0 0.769047 0.546026 0.024657 0.020329
0 0.626108 0.463122 0.016081 0.012070
0 0.902587 0.519853 0.007147 0.008894
0 0.909734 0.518900 0.012864 0.012070
0 0.917060 0.730131 0.045383 0.022870
0 0.928852 0.750143 0.033233 0.022235
0 0.768465 0.519530 0.012103 0.017654
0 0.205189 0.544191 0.009310 0.017103
0 0.191534 0.542260 0.010551 0.023171
0 0.179121 0.468609 0.008069 0.012689
0 0.054307 0.571168 0.021102 0.016551
0 0.017596 0.484277 0.007138 0.009379
0 0.004096 0.559583 0.006827 0.013241
0 0.007200 0.792563 0.012413 0.031447