0 0.416383 0.502021 0.003782 0.010757
0 0.410332 0.503702 0.003782 0.008740
0 0.404281 0.504038 0.003025 0.008068
0 0.399176 0.502694 0.004160 0.008068
0 0.392935 0.502694 0.006051 0.012102
0 0.386317 0.503702 0.005673 0.011430
0 0.380455 0.505047 0.004538 0.014119
0 0.375161 0.505719 0.004538 0.012774
0 0.369299 0.504711 0.004160 0.012102
0 0.339989 0.504038 0.005295 0.013447
0 0.345284 0.505047 0.005295 0.014119
0 0.277400 0.514123 0.005673 0.005379
0 0.268134 0.518829 0.003782 0.006723
0 0.262461 0.524208 0.004538 0.008068
0 0.238446 0.654977 0.008698 0.008740
0 0.231261 0.582365 0.005673 0.008740
0 0.230505 0.599173 0.005673 0.012774
0 0.211217 0.659683 0.008698 0.012774
0 0.231261 0.613964 0.005673 0.004706
0 0.234097 0.638841 0.006051 0.012774
0 0.234097 0.621696 0.008320 0.013447
0 0.245443 0.682878 0.008320 0.013447
0 0.247901 0.699350 0.009455 0.012774
0 0.234286 0.729941 0.008698 0.014791
0 0.219159 0.698678 0.009455 0.015464
0 0.220293 0.712797 0.010211 0.012774
0 0.274185 0.654304 0.006807 0.011430
0 0.287232 0.653296 0.007942 0.009413
0 0.269836 0.691955 0.010967 0.011430
0 0.338666 0.753809 0.012480 0.015464
0 0.310680 0.756498 0.012480 0.014119
0 0.295553 0.786081 0.007942 0.018153
0 0.306709 0.784400 0.008320 0.021515
0 0.317676 0.783056 0.009076 0.016136
0 0.370055 0.773643 0.009455 0.016136
0 0.426594 0.665061 0.014371 0.012774
0 0.184744 0.681870 0.006429 0.012774
0 0.179828 0.808940 0.008698 0.019498
0 0.165456 0.694980 0.007186 0.013447
0 0.176802 0.694644 0.011724 0.008740
0 0.218781 0.567910 0.004916 0.012102
0 0.297633 0.687248 0.006051 0.016808
0 0.289123 0.687921 0.006429 0.020842
0 0.280614 0.688929 0.007564 0.022859
0 0.310680 0.543370 0.004160 0.008740
0 0.242228 0.537319 0.007942 0.007396
0 0.505068 0.751792 0.013993 0.016808
0 0.479351 0.717167 0.016262 0.010757
0 0.586189 0.738009 0.012102 0.013447
0 0.569170 0.740363 0.008320 0.015464
0 0.562363 0.742380 0.006051 0.012774
0 0.597723 0.733639 0.010967 0.012774
0 0.432078 0.765239 0.011724 0.016808
0 0.445314 0.762886 0.007942 0.012102
0 0.488049 0.751792 0.010211 0.015464
0 0.461765 0.757171 0.009076 0.015464
0 0.452878 0.757171 0.007942 0.019498
0 0.472733 0.754482 0.010589 0.016808
0 0.650333 0.695522 0.016934 0.012625
0 0.689938 0.678527 0.016388 0.011654
0 0.650333 0.655705 0.014749 0.014567
0 0.774336 0.666873 0.011472 0.009711
0 0.650102 0.640185 0.014371 0.010085
0 0.647266 0.625058 0.011724 0.009413
0 0.656531 0.601190 0.004538 0.010085
0 0.642727 0.534629 0.004160 0.010085
0 0.640837 0.508072 0.004160 0.006723
0 0.639324 0.489247 0.004160 0.009413
0 0.644808 0.503030 0.003025 0.006051
0 0.647455 0.532612 0.004538 0.007396
0 0.646131 0.590097 0.010211 0.006723
0 0.825581 0.658338 0.009076 0.010085
0 0.842788 0.652623 0.008698 0.012102
0 0.834279 0.653632 0.010589 0.010085
0 0.906134 0.601190 0.006051 0.008740
0 0.894410 0.607913 0.009076 0.008740
0 0.885901 0.617326 0.007186 0.007396
0 0.927691 0.591777 0.008320 0.007396
0 0.919182 0.605560 0.008698 0.006723
0 0.897058 0.625730 0.007564 0.005379
0 0.943007 0.576650 0.007186 0.009413
0 0.952273 0.569254 0.005295 0.010757
0 0.894789 0.617998 0.009076 0.010085
0 0.800809 0.532276 0.007942 0.008068
0 0.153355 0.810621 0.011724 0.024204
0 0.112889 0.819025 0.012480 0.030255
0 0.133878 0.758179 0.018153 0.016136
0 0.070154 0.739018 0.016262 0.011430
0 0.047651 0.729269 0.010589 0.016136
0 0.056161 0.828774 0.010967 0.021515
0 0.026851 0.832136 0.009833 0.022859
0 0.041600 0.826085 0.009076 0.025549
0 0.010400 0.835161 0.010211 0.026221
0 0.017775 0.758179 0.016640 0.016136
0 0.033659 0.719184 0.016640 0.012102
0 0.080554 0.707082 0.015884 0.010757
0 0.225399 0.803226 0.012102 0.020170
0 0.315596 0.544714 0.004916 0.011430
0 0.359655 0.541353 0.011346 0.010085
0 0.230694 0.543370 0.006807 0.008740
0 0.242417 0.585054 0.009076 0.011430
1 0.135483 0.832842 0.004635 0.016482
1 0.410899 0.779022 0.004916 0.012102
1 0.416383 0.779694 0.004538 0.013447
1 0.821988 0.933658 0.016262 0.021515
1 0.925422 0.797175 0.006051 0.018825
1 0.918993 0.792468 0.005295 0.018825
1 0.944331 0.746414 0.003782 0.014119
1 0.933742 0.752465 0.003782 0.012774
1 0.938280 0.752465 0.004538 0.018153
1 0.778496 0.651615 0.001891 0.010085
1 0.653128 0.736665 0.006051 0.012102
1 0.780765 0.652960 0.003404 0.011430
1 0.459874 0.701031 0.002269 0.012102
1 0.514333 0.695316 0.006807 0.016808
1 0.056728 0.750784 0.003025 0.013447
1 0.060510 0.727252 0.003025 0.017481
1 0.063724 0.726916 0.004160 0.019498
1 0.463467 0.700023 0.004160 0.012774
1 0.721768 0.703048 0.002647 0.009413
1 0.851289 0.859804 0.009619 0.019381
1 0.748841 0.768039 0.005057 0.017231
1 0.743574 0.767289 0.005478 0.014234
1 0.710704 0.700988 0.007164 0.011987