0 0.076107 0.274633 0.008164 0.008601
0 0.080945 0.273020 0.008164 0.007526
0 0.099540 0.277858 0.006652 0.009676
0 0.114659 0.280009 0.008466 0.008601
0 0.127056 0.286190 0.009676 0.008063
0 0.141268 0.289684 0.012095 0.007526
0 0.135371 0.297479 0.008164 0.011289
0 0.146559 0.300973 0.007559 0.008601
0 0.065221 0.417352 0.013002 0.013439
0 0.097575 0.441273 0.008769 0.008601
0 0.114054 0.453905 0.011490 0.018814
0 0.127963 0.496372 0.016328 0.019889
0 0.108763 0.569209 0.015421 0.016126
0 0.021529 0.612482 0.016328 0.024190
0 0.036496 0.602806 0.012397 0.017739
0 0.069908 0.606300 0.022375 0.013976
0 0.094249 0.593399 0.022073 0.018277
0 0.091981 0.615438 0.028423 0.022577
0 0.059174 0.634790 0.025097 0.017202
1 0.130533 0.785572 0.006955 0.017739
0 0.218916 0.616460 0.026004 0.022039
0 0.213322 0.608128 0.017235 0.017202
0 0.207275 0.597646 0.017840 0.016664
0 0.260039 0.567543 0.016328 0.020964
0 0.340016 0.671021 0.016630 0.020427
0 0.424982 0.733914 0.019049 0.026877
0 0.430878 0.690373 0.016933 0.025802
0 0.381138 0.612697 0.026306 0.023115
0 0.294660 0.562974 0.019049 0.017202
0 0.202739 0.499543 0.025701 0.019352
0 0.234035 0.506800 0.017537 0.017739
0 0.362694 0.465140 0.057148 0.036553
0 0.286345 0.295544 0.008466 0.006988
0 0.323688 0.280761 0.005745 0.008601
0 0.294963 0.274848 0.007559 0.008601
0 0.289822 0.272160 0.006350 0.009676
0 0.281356 0.270010 0.005140 0.005375
0 0.275308 0.266785 0.003931 0.007526
0 0.264121 0.267860 0.005140 0.005375
0 0.255957 0.264635 0.006955 0.005375
0 0.205158 0.208999 0.006955 0.006988
3 0.284531 0.218513 0.003024 0.009676
3 0.299800 0.220126 0.004536 0.005375
0 0.356041 0.223889 0.007559 0.005375
0 0.441159 0.231683 0.006047 0.006988
0 0.413734 0.346718 0.009978 0.015589
0 0.442761 0.338386 0.008164 0.010751
0 0.466346 0.337311 0.009373 0.009676
0 0.492501 0.339730 0.005443 0.013439
0 0.499153 0.339730 0.009071 0.006988
0 0.491896 0.352363 0.012095 0.009676
0 0.409047 0.422244 0.009676 0.011826
0 0.364901 0.415793 0.010885 0.011826
0 0.425224 0.415793 0.009373 0.009676
0 0.432934 0.419287 0.013304 0.012364
0 0.446239 0.437026 0.010885 0.011289
0 0.468614 0.434876 0.013909 0.016664
0 0.478139 0.254636 0.006955 0.006451
0 0.502782 0.250336 0.006047 0.008601
0 0.512306 0.254905 0.003326 0.010213
0 0.594892 0.496528 0.012161 0.011792
0 0.598209 0.483425 0.007739 0.011792
0 0.636903 0.933569 0.032061 0.043894
0 0.903621 0.279733 0.012111 0.012465
0 0.880673 0.278599 0.014023 0.012465
0 0.866012 0.298431 0.007012 0.014732
0 0.887844 0.349142 0.010518 0.007366
0 0.949994 0.319395 0.007330 0.015865
0 0.833025 0.425350 0.007968 0.014732
0 0.841790 0.431866 0.015936 0.014165
0 0.806253 0.419117 0.009243 0.016998
0 0.799241 0.415434 0.010518 0.011899
0 0.763067 0.424783 0.019123 0.013599
0 0.733586 0.401836 0.008605 0.015298
0 0.931349 0.482010 0.007012 0.011332
0 0.940592 0.484843 0.014023 0.011332
0 0.959555 0.468412 0.025178 0.014732
3 0.883223 0.497025 0.007012 0.008499
0 0.968320 0.694204 0.029322 0.027764