0 0.028742 0.603879 0.016640 0.019498
0 0.048597 0.598165 0.014749 0.018825
0 0.153165 0.567910 0.015127 0.016136
0 0.138038 0.573624 0.012858 0.018153
0 0.166591 0.558497 0.009455 0.024204
0 0.179260 0.554463 0.013615 0.017481
0 0.191740 0.551101 0.008320 0.024204
0 0.214999 0.541353 0.011724 0.019498
0 0.203275 0.550429 0.008698 0.017481
0 0.236555 0.540344 0.009455 0.016136
0 0.164889 0.434452 0.018153 0.012774
0 0.117049 0.432099 0.013237 0.006723
0 0.032524 0.424367 0.009833 0.014119
0 0.855268 0.278807 0.007942 0.009413
0 0.790409 0.276454 0.006807 0.010085
0 0.797217 0.277463 0.004538 0.012102
0 0.826904 0.282169 0.007186 0.008068
0 0.802889 0.276118 0.005295 0.009413
0 0.819151 0.278471 0.005295 0.012774
0 0.811777 0.280152 0.005673 0.012102
0 0.838439 0.281833 0.009076 0.008740
0 0.844679 0.273429 0.010211 0.009413
0 0.289691 0.468068 0.019666 0.011430
0 0.297254 0.522527 0.011346 0.018153
0 0.310680 0.517149 0.011724 0.019498
0 0.444180 0.437917 0.017018 0.012568
0 0.355306 0.505047 0.010211 0.016808
0 0.343771 0.508745 0.010589 0.017481
0 0.436427 0.394448 0.015127 0.012102
0 0.439263 0.357806 0.013993 0.011430
0 0.442100 0.336628 0.012102 0.008068
0 0.444558 0.315785 0.010211 0.010757
0 0.441911 0.328224 0.012480 0.006051
0 0.455903 0.252923 0.004160 0.010085
0 0.454769 0.240821 0.004160 0.008740
0 0.447016 0.240821 0.006051 0.008740
0 0.445314 0.283850 0.010967 0.007396
0 0.443612 0.306373 0.011346 0.005379
0 0.615876 0.375287 0.010967 0.006051
0 0.625709 0.369572 0.008698 0.013447
0 0.638757 0.330577 0.007564 0.008068
0 0.703615 0.293935 0.010967 0.014119
0 0.685652 0.335619 0.006807 0.010085
0 0.729710 0.270403 0.005673 0.006051
0 0.734438 0.266369 0.006807 0.007396
0 0.714583 0.297633 0.008698 0.009413
0 0.706074 0.314105 0.007564 0.007396
0 0.742758 0.258974 0.006807 0.010085
0 0.711368 0.306709 0.008320 0.008740
0 0.610771 0.238131 0.009833 0.008740
0 0.134256 0.407559 0.006807 0.012774
0 0.151464 0.398146 0.009455 0.011430
1 0.346853 0.987381 0.006391 0.020977
1 0.406342 0.817382 0.011308 0.023599
1 0.347591 0.975145 0.010816 0.010488
1 0.529744 0.937998 0.006391 0.021851
1 0.534661 0.935813 0.004425 0.026221
1 0.394543 0.786791 0.005408 0.023599
1 0.400197 0.785043 0.004916 0.028843
1 0.668387 0.609363 0.002458 0.021851
1 0.672812 0.647820 0.004425 0.011362
1 0.682891 0.565225 0.003933 0.020977
1 0.687316 0.567410 0.006883 0.023599
1 0.697148 0.530700 0.005900 0.018355
1 0.713373 0.458156 0.003933 0.014859
1 0.707473 0.447230 0.002950 0.015733
1 0.508850 0.521960 0.004916 0.013110
1 0.511799 0.517153 0.005900 0.019229
1 0.494100 0.443192 0.004160 0.016808
1 0.508660 0.438486 0.003782 0.016808
1 0.567468 0.433443 0.004160 0.013447
1 0.622873 0.389406 0.002269 0.012774
1 0.624953 0.391087 0.003404 0.013447
1 0.400499 0.509753 0.005295 0.018153
1 0.418085 0.492609 0.005673 0.016136
1 0.700023 0.432435 0.004538 0.010085
1 0.714583 0.361504 0.003404 0.009413
1 0.109863 0.597492 0.006429 0.016136
1 0.102299 0.599173 0.005673 0.015464
1 0.038953 0.616317 0.007564 0.016136
1 0.608313 0.617326 0.006429 0.014119
1 0.500824 0.447442 0.004772 0.014653
0 0.569799 0.391145 0.011713 0.016195