0 0.061817 0.964534 0.024727 0.010797
0 0.062901 0.973018 0.019087 0.007712
0 0.136864 0.968776 0.019521 0.016195
0 0.014966 0.938699 0.009977 0.017738
0 0.205188 0.918262 0.015617 0.009254
0 0.226878 0.877003 0.012146 0.011568
0 0.232952 0.861193 0.008676 0.013882
0 0.248352 0.856566 0.011713 0.015424
0 0.097822 0.756695 0.011713 0.016195
0 0.101576 0.714146 0.010278 0.008749
0 0.150963 0.699240 0.010411 0.010797
0 0.139467 0.698084 0.006507 0.011568
0 0.129924 0.702325 0.005639 0.010797
0 0.139033 0.897440 0.008242 0.015424
0 0.060949 0.766721 0.010845 0.008483
0 0.055782 0.664053 0.007186 0.009413
0 0.044437 0.673802 0.008698 0.007396
0 0.069397 0.653632 0.005673 0.008740
0 0.011913 0.699350 0.009455 0.008740
0 0.006051 0.708427 0.009076 0.008068
0 0.153544 0.641194 0.007564 0.010757
0 0.162998 0.638841 0.007564 0.012774
0 0.146169 0.643883 0.007186 0.021515
0 0.169617 0.641530 0.006429 0.012774
0 0.237501 0.633462 0.006051 0.011430
0 0.175857 0.639849 0.006807 0.014791
0 0.181529 0.638168 0.007564 0.012774
0 0.188904 0.637832 0.007942 0.014791
0 0.196090 0.636824 0.007186 0.018153
0 0.203275 0.636151 0.008698 0.016808
0 0.210082 0.635143 0.007942 0.012102
0 0.217835 0.634470 0.008320 0.010757
0 0.223130 0.634134 0.006807 0.011430
0 0.229559 0.633462 0.006051 0.012774
0 0.217646 0.625058 0.004160 0.008068
0 0.092277 0.707082 0.004538 0.012102
0 0.158460 0.703048 0.011346 0.008068
0 0.462333 0.969627 0.016262 0.014119
0 0.389910 0.977023 0.022691 0.020842
0 0.430754 0.906092 0.018153 0.013447
0 0.430376 0.894326 0.015884 0.010085
0 0.438318 0.871467 0.018153 0.015464
0 0.439831 0.860037 0.013615 0.008740
0 0.444936 0.838187 0.014749 0.010757
0 0.446260 0.811630 0.013615 0.011430
0 0.452311 0.800872 0.013615 0.010085
0 0.461765 0.754145 0.011346 0.002689
0 0.455336 0.781039 0.016640 0.012102
0 0.447583 0.831463 0.013993 0.008068
0 0.451933 0.795158 0.012102 0.010757
0 0.459496 0.771962 0.013615 0.006051
0 0.459496 0.760196 0.013615 0.008068
0 0.467438 0.718176 0.010589 0.010085
0 0.468573 0.713805 0.012102 0.008068
0 0.481242 0.648253 0.004160 0.010085
0 0.468384 0.707418 0.006429 0.008740
0 0.418085 0.655985 0.010211 0.010757
0 0.313516 0.606233 0.006051 0.013447
0 0.343393 0.608922 0.005295 0.009413
0 0.325051 0.607913 0.004160 0.012774
0 0.338855 0.609258 0.003782 0.008740
0 0.329778 0.609258 0.006051 0.008740
0 0.308033 0.609930 0.004916 0.008740
0 0.315975 0.616317 0.004916 0.013447
0 0.487104 0.569254 0.008320 0.009413
0 0.432456 0.566229 0.002647 0.004706
0 0.360033 0.566565 0.006051 0.008068
0 0.350579 0.568918 0.012858 0.008740
0 0.612662 0.878863 0.015127 0.016808
0 0.629491 0.883569 0.010211 0.012774
0 0.632706 0.857684 0.012102 0.016136
0 0.649913 0.867769 0.007942 0.017481
0 0.639891 0.876173 0.011346 0.015464
0 0.667499 0.859365 0.006807 0.010085
0 0.662204 0.803226 0.009833 0.012102
0 0.493344 0.820370 0.008698 0.012774
0 0.525112 0.816336 0.003404 0.010085
0 0.561985 0.799528 0.009076 0.007396
0 0.581461 0.788434 0.007186 0.010757
0 0.572574 0.791796 0.009076 0.010757
0 0.539861 0.806251 0.008698 0.011430
0 0.695484 0.815664 0.007564 0.006051
0 0.701346 0.828438 0.011724 0.012774
0 0.711746 0.814655 0.006051 0.009413
0 0.729143 0.774988 0.008320 0.013447
0 0.722336 0.787762 0.007564 0.012102
0 0.753725 0.730278 0.006807 0.014119
0 0.767151 0.712461 0.007942 0.006723
0 0.774904 0.711788 0.009076 0.008068
0 0.745594 0.769273 0.005673 0.011430
0 0.735383 0.785409 0.005673 0.011430
0 0.739165 0.778685 0.004916 0.010085
0 0.716474 0.809949 0.007942 0.009413
0 0.624385 0.764566 0.008320 0.010085
0 0.630436 0.761877 0.006807 0.012774
0 0.907080 0.729605 0.010211 0.007396
0 0.896869 0.723554 0.009455 0.002017
0 0.876257 0.730950 0.006807 0.011430
0 0.889116 0.730950 0.006807 0.010085
0 0.895167 0.731958 0.005295 0.012102
0 0.861319 0.723554 0.009455 0.007396
0 0.836737 0.720529 0.006429 0.010757
0 0.871341 0.718848 0.007564 0.010085
0 0.851486 0.730614 0.007186 0.006723
0 0.785682 0.690946 0.007942 0.002689
0 0.849028 0.719520 0.007564 0.011430
0 0.843544 0.719520 0.005673 0.010085
0 0.821988 0.705065 0.006429 0.009413
0 0.552530 0.905084 0.012858 0.014119
1 0.750132 0.829110 0.004160 0.010085
1 0.739354 0.858693 0.005295 0.010085
1 0.721201 0.832136 0.004538 0.012102
1 0.731979 0.888948 0.004916 0.010085
1 0.549315 0.931305 0.004160 0.018153
1 0.544021 0.932313 0.003404 0.014791
1 0.560472 0.962232 0.003782 0.012774
1 0.514522 0.993386 0.003404 0.013228
1 0.494668 0.992151 0.003782 0.012102
1 0.603018 0.981729 0.003404 0.012774