0 0.099057 0.217814 0.007257 0.009138
3 0.161829 0.336612 0.007862 0.011289
3 0.178913 0.340375 0.004536 0.008063
0 0.119194 0.600548 0.027818 0.015589
0 0.115868 0.611837 0.027213 0.016664
0 0.051010 0.711552 0.031749 0.019352
0 0.041636 0.740579 0.032354 0.022577
0 0.170295 0.638768 0.017537 0.029673
0 0.043451 0.932323 0.026306 0.040316
0 0.071269 0.962963 0.029330 0.033866
0 0.129626 0.818363 0.029330 0.024190
0 0.135220 0.799548 0.028423 0.015589
0 0.168027 0.728592 0.023283 0.018814
0 0.170144 0.713810 0.025097 0.018277
0 0.186925 0.665699 0.027818 0.022039
0 0.311200 0.316884 0.006652 0.007526
0 0.320422 0.335699 0.004536 0.009676
0 0.308176 0.334892 0.011490 0.008063
0 0.297442 0.361770 0.007559 0.015589
1 0.302280 0.366876 0.002117 0.010751
1 0.306815 0.366608 0.003931 0.010213
0 0.289278 0.399935 0.011792 0.010213
0 0.280509 0.417943 0.014816 0.007526
0 0.310746 0.425200 0.007559 0.014514
0 0.333878 0.353975 0.006652 0.009676
0 0.337052 0.334892 0.005140 0.010213
0 0.346728 0.360695 0.008769 0.008063
0 0.334785 0.434339 0.011490 0.012364
0 0.352927 0.490512 0.006652 0.012901
0 0.362452 0.491856 0.006955 0.016664
3 0.441370 0.606031 0.005140 0.006988
0 0.382257 0.509541 0.012095 0.009676
0 0.405539 0.495834 0.007257 0.014514
0 0.415366 0.494490 0.006955 0.011826
0 0.424135 0.493415 0.005745 0.012901
0 0.465409 0.487233 0.007862 0.016664
0 0.444999 0.498253 0.004536 0.008601
3 0.388758 0.433747 0.003326 0.006451
0 0.389665 0.370585 0.011188 0.008063
0 0.420658 0.365479 0.005443 0.009676
0 0.446964 0.376498 0.012095 0.010213
0 0.463897 0.371123 0.008466 0.008063
0 0.500786 0.374886 0.007257 0.011289
0 0.496099 0.282428 0.004536 0.004838
0 0.488087 0.280009 0.004233 0.008601
0 0.481132 0.279471 0.004233 0.005375
0 0.492320 0.280277 0.003024 0.011289
0 0.454977 0.250981 0.004536 0.008601
0 0.642749 0.216094 0.003931 0.005913
0 0.662252 0.217976 0.006047 0.005375
0 0.716830 0.407730 0.015421 0.008601
0 0.598150 0.487287 0.020561 0.012901
0 0.712748 0.317422 0.007862 0.009676
0 0.718947 0.315809 0.004536 0.009676
0 0.723936 0.317153 0.008466 0.008063
0 0.645017 0.470354 0.008466 0.014514
0 0.710631 0.478686 0.015119 0.012901
0 0.537675 0.785626 0.013304 0.033328
0 0.521952 0.878568 0.033866 0.019889
0 0.521196 0.898457 0.029330 0.024190
0 0.563377 0.919422 0.016933 0.033866
0 0.572902 0.961082 0.017840 0.046229
0 0.665125 0.935817 0.031144 0.030103
0 0.633376 0.976240 0.025097 0.047519
0 0.579251 0.503897 0.019049 0.015589
0 0.622188 0.502285 0.015421 0.010213
0 0.802945 0.388109 0.010583 0.008063
0 0.746704 0.464710 0.009978 0.012901
0 0.839381 0.458259 0.012700 0.017202
0 0.857069 0.456647 0.014211 0.017202
0 0.866896 0.458528 0.008466 0.012364
0 0.772859 0.497232 0.009071 0.018814
0 0.828042 0.615223 0.020259 0.026877
0 0.840590 0.598022 0.021166 0.019352
0 0.743529 0.653389 0.016933 0.030103
0 0.874940 0.372144 0.010281 0.009676
0 0.884615 0.365694 0.008466 0.010751
0 0.891419 0.361393 0.007559 0.008601
0 0.910922 0.367844 0.010885 0.011826
0 0.927703 0.348761 0.009373 0.005913
0 0.944787 0.367038 0.010281 0.011289
0 0.922865 0.455464 0.013002 0.012901
0 0.985910 0.399828 0.013304 0.012364
0 0.978804 0.498737 0.014211 0.016664
0 0.902455 0.486911 0.011490 0.014514
0 0.855588 0.483417 0.012700 0.011826
0 0.838504 0.493899 0.013607 0.015589