3 0.399152 0.111413 0.069222 0.052536
3 0.331966 0.134058 0.054292 0.079710
3 0.246456 0.294384 0.029861 0.081522
3 0.231526 0.534420 0.070580 0.068841
3 0.119548 0.684783 0.063793 0.065217
3 0.135836 0.823370 0.066508 0.067029
3 0.285818 0.756341 0.048863 0.063406
3 0.294640 0.677536 0.036647 0.079710
3 0.381508 0.743659 0.033933 0.081522
3 0.329930 0.596920 0.063793 0.034420
3 0.340110 0.524457 0.059721 0.063406
3 0.395081 0.408514 0.063793 0.063406
3 0.369292 0.344203 0.071937 0.065217
3 0.478555 0.250906 0.040719 0.110507
3 0.578995 0.164855 0.059721 0.072464
3 0.644824 0.096920 0.069222 0.056159
3 0.471768 0.589674 0.062436 0.067029
3 0.545062 0.689312 0.100440 0.056159
3 0.741871 0.544384 0.059721 0.059783
3 0.881673 0.559783 0.078724 0.043478
3 0.747979 0.419384 0.058364 0.081522
3 0.917642 0.431159 0.082795 0.050725
3 0.853849 0.229167 0.061079 0.085145