3 0.187736 0.179983 0.021226 0.042669
3 0.286203 0.201318 0.029481 0.046936
3 0.460141 0.268521 0.035377 0.066137
3 0.560377 0.254654 0.030660 0.042669
3 0.676533 0.309057 0.017689 0.061870
3 0.394693 0.219452 0.031840 0.053336
3 0.635849 0.353859 0.016509 0.032002
3 0.687736 0.390128 0.021226 0.057603
3 0.704835 0.505334 0.024764 0.061870
3 0.743750 0.532002 0.020047 0.059736
3 0.816863 0.516001 0.022406 0.053336
3 0.844575 0.360259 0.033019 0.057603
3 0.662382 0.670676 0.050708 0.046936
3 0.795047 0.615206 0.025943 0.042669
3 0.799175 0.758147 0.022406 0.042669