1 0.492435 0.732230 0.019983 0.032142
1 0.525026 0.706009 0.005234 0.038908
1 0.530260 0.706432 0.006185 0.036371
1 0.536445 0.704740 0.006185 0.026221
1 0.542392 0.701357 0.008564 0.027913
1 0.579741 0.720811 0.005234 0.019454
1 0.587116 0.716159 0.007613 0.021992
1 0.604244 0.698396 0.009516 0.032142
1 0.627319 0.679788 0.006185 0.030450
1 0.632553 0.681056 0.007137 0.031296
1 0.649443 0.673867 0.008564 0.018608
1 0.652536 0.666254 0.009991 0.015225
1 0.680131 0.634535 0.005234 0.024529
1 0.694167 0.622694 0.008564 0.024529
1 0.581644 0.625231 0.007137 0.022838
1 0.567371 0.585054 0.005234 0.018608
1 0.414882 0.588015 0.004758 0.021146
1 0.422019 0.585900 0.006661 0.027067
1 0.709630 0.607469 0.008088 0.019454
1 0.687744 0.555450 0.005234 0.016917
1 0.739128 0.535996 0.004282 0.016917
1 0.734846 0.538110 0.006185 0.021146
1 0.722000 0.526268 0.004282 0.012688
1 0.745314 0.533881 0.005234 0.014379
1 0.719859 0.516964 0.004758 0.014379
0 0.006899 0.573212 0.011895 0.021992
0 0.020459 0.569406 0.013322 0.031296
0 0.071130 0.547837 0.015701 0.011842
0 0.038538 0.563062 0.014273 0.010150
0 0.093729 0.556719 0.012370 0.016071
0 0.181749 0.535573 0.015225 0.012688
0 0.174374 0.548683 0.015701 0.011842
0 0.004727 0.485549 0.009454 0.008740
0 0.011724 0.507064 0.010589 0.007396
0 0.764827 0.474176 0.008927 0.007590
0 0.795102 0.473831 0.006598 0.006900
0 0.807716 0.472796 0.006986 0.006210
0 0.780158 0.473486 0.005434 0.006210
0 0.784816 0.473831 0.004658 0.006900
0 0.770261 0.474176 0.007375 0.006210
0 0.753377 0.472451 0.008539 0.009660
0 0.799177 0.470036 0.005434 0.011730