1 0.944273 0.796531 0.014749 0.047882
1 0.879184 0.782851 0.012825 0.041041
1 0.829806 0.797671 0.012825 0.041041
1 0.802232 0.795961 0.014108 0.039901
1 0.637104 0.774871 0.012184 0.041041
1 0.556624 0.708178 0.011543 0.033061
1 0.647044 0.689368 0.008978 0.034201
1 0.673657 0.699628 0.007054 0.029641
1 0.679749 0.700198 0.007695 0.044462
1 0.714057 0.699628 0.007054 0.034201
1 0.762793 0.634646 0.004489 0.025081
1 0.769527 0.638636 0.006413 0.023941
1 0.725279 0.626666 0.007695 0.018241
1 0.750609 0.644336 0.005771 0.019381
1 0.665961 0.600445 0.005771 0.022801
1 0.706682 0.614125 0.008978 0.013680
1 0.700911 0.587904 0.008978 0.020521
1 0.733936 0.608995 0.007054 0.023941
1 0.697704 0.604435 0.014108 0.014821
1 0.575863 0.533182 0.005130 0.009120
1 0.584840 0.530332 0.003848 0.014821
1 0.752854 0.624955 0.003848 0.019381
1 0.748365 0.615835 0.007695 0.021661
1 0.765358 0.608995 0.005771 0.026221
1 0.670130 0.563963 0.008978 0.015961
1 0.791009 0.616405 0.008337 0.022801
1 0.600551 0.551993 0.007054 0.019381
1 0.608567 0.642056 0.000000 0.001140
1 0.555021 0.521782 0.007054 0.018241
1 0.542837 0.493851 0.005771 0.014821
1 0.539310 0.508101 0.003848 0.013680
0 0.865718 0.642056 0.034629 0.023941
0 0.843594 0.627236 0.030140 0.026221
0 0.825959 0.625656 0.033346 0.017980
0 0.791009 0.599305 0.026292 0.025081
0 0.814509 0.619081 0.024453 0.017251
0 0.747555 0.542488 0.000000 0.000690