1 0.096317 0.836437 0.009386 0.041318
1 0.090730 0.791146 0.008045 0.020659
1 0.077992 0.785187 0.006704 0.019864
1 0.084026 0.788763 0.008045 0.023837
1 0.164924 0.761350 0.007151 0.021453
1 0.286046 0.725991 0.006257 0.031783
1 0.293421 0.730759 0.005810 0.034961
1 0.789086 0.975788 0.009619 0.048423
1 0.805438 0.989469 0.007695 0.021062
1 0.782352 0.931056 0.008978 0.031921
1 0.827883 0.945877 0.012825 0.045602
1 0.842311 0.810782 0.009619 0.039901
1 0.838784 0.772591 0.012825 0.031921
1 0.847762 0.736679 0.015391 0.026221
1 0.767282 0.649466 0.009619 0.020521
1 0.756381 0.611275 0.007054 0.012540
1 0.806400 0.577074 0.004489 0.021661
1 0.810889 0.578214 0.008337 0.017101
1 0.769206 0.557123 0.004489 0.018241
1 0.790368 0.567383 0.004489 0.015961
1 0.778825 0.553133 0.005771 0.019381
1 0.649609 0.771451 0.012825 0.031921
1 0.587726 0.686518 0.007054 0.030781
1 0.400475 0.673977 0.007054 0.023941
1 0.406246 0.680817 0.008337 0.019381
0 0.029819 0.631796 0.019879 0.021661
0 0.009298 0.631796 0.013467 0.026221
0 0.021162 0.573084 0.020521 0.018241
0 0.079197 0.544013 0.042965 0.014821