3 0.128937 0.076993 0.031344 0.092391
3 0.151239 0.269928 0.027727 0.094203
3 0.169322 0.362319 0.044605 0.086957
3 0.171733 0.607790 0.049427 0.070652
3 0.185597 0.798007 0.053043 0.114130
3 0.250093 0.423007 0.039783 0.103261
3 0.326644 0.370471 0.048221 0.063406
3 0.398976 0.357790 0.055455 0.048913
3 0.394154 0.543478 0.048221 0.090580
3 0.434540 0.512681 0.034960 0.086957
3 0.496624 0.770833 0.031344 0.092391
3 0.625617 0.192029 0.048221 0.065217
3 0.697949 0.144022 0.069921 0.067029
3 0.627425 0.321558 0.049427 0.085145
3 0.738334 0.291667 0.066304 0.057971
3 0.844421 0.232790 0.042194 0.081522
3 0.855873 0.338768 0.055455 0.047101
3 0.808255 0.614130 0.037372 0.054348
3 0.854668 0.663043 0.062688 0.057971
3 0.794391 0.716486 0.069921 0.059783
3 0.668413 0.581522 0.049427 0.076087
3 0.811872 0.796196 0.034960 0.077899
3 0.883601 0.757246 0.053043 0.057971
3 0.907109 0.934783 0.080771 0.072464