3 0.148231 0.468518 0.090802 0.113334
3 0.157075 0.369876 0.084906 0.100741
3 0.161792 0.318456 0.087264 0.073457
3 0.426533 0.352036 0.062500 0.069260
3 0.453066 0.276480 0.066038 0.060864
3 0.499646 0.289073 0.062500 0.073457
3 0.559198 0.199875 0.014151 0.062963
3 0.545637 0.397160 0.079009 0.083951
3 0.629363 0.326851 0.060142 0.069260
3 0.608726 0.497901 0.094340 0.130124
3 0.846934 0.225060 0.023585 0.062963
3 0.943632 0.268085 0.028302 0.073457
3 0.802712 0.437037 0.076651 0.109136
3 0.836910 0.380370 0.060142 0.100741