3 0.721934 0.077788 0.023585 0.069491
3 0.858726 0.342065 0.042453 0.071597
3 0.951297 0.608448 0.060142 0.065280
3 0.726651 0.203083 0.047170 0.046327
3 0.677123 0.149385 0.033019 0.065280
3 0.648821 0.119904 0.042453 0.069491
3 0.624057 0.217823 0.040094 0.058962
3 0.621698 0.294685 0.037736 0.056856
3 0.653538 0.322060 0.033019 0.061068
3 0.692453 0.308373 0.044811 0.054751
3 0.688915 0.249410 0.037736 0.071597
3 0.747877 0.349436 0.051887 0.052645
3 0.734906 0.394710 0.035377 0.058962
3 0.627594 0.403133 0.044811 0.075809
3 0.565094 0.429456 0.054245 0.056856
3 0.624646 0.466307 0.069575 0.029481
3 0.600472 0.505264 0.035377 0.073703
3 0.546226 0.531587 0.040094 0.063174
3 0.652358 0.621083 0.025943 0.090549
3 0.694222 0.540010 0.055425 0.054751
3 0.736085 0.627401 0.056604 0.082126
3 0.518514 0.784282 0.074292 0.054751
3 0.297406 0.813763 0.066038 0.050539
3 0.418868 0.750590 0.047170 0.071597
3 0.407665 0.657935 0.027123 0.084232
3 0.359906 0.581073 0.054245 0.073703
3 0.295047 0.533693 0.042453 0.050539
3 0.446580 0.446302 0.034198 0.044222
3 0.483726 0.379970 0.035377 0.058962
3 0.433019 0.324166 0.044811 0.044222
3 0.385259 0.310478 0.041274 0.058962
3 0.302123 0.268363 0.063679 0.050539
3 0.323349 0.139909 0.051887 0.075809
3 0.421226 0.132539 0.030660 0.090549