3 0.221160 0.579710 0.066304 0.068841
3 0.276012 0.644928 0.065099 0.065217
3 0.350152 0.412138 0.095237 0.056159
3 0.531585 0.295290 0.077154 0.061594
3 0.521941 0.484601 0.091621 0.074275
3 0.666605 0.528080 0.033755 0.074275
3 0.731101 0.517210 0.080771 0.067029
3 0.921575 0.657609 0.112115 0.079710
3 0.847435 0.739130 0.106087 0.068841
3 0.622603 0.708333 0.090415 0.076087
3 0.512296 0.728261 0.043399 0.079710
3 0.548462 0.806159 0.067510 0.079710
3 0.429115 0.698370 0.050632 0.106884
3 0.436951 0.906703 0.063893 0.074275
3 0.383907 0.835145 0.032549 0.068841
3 0.429717 0.828804 0.054249 0.067029
3 0.816694 0.880435 0.059071 0.079710