3 0.274577 0.469203 0.047793 0.050725
3 0.361533 0.607790 0.035845 0.030797
3 0.390076 0.671196 0.050448 0.045290
3 0.465085 0.682971 0.030534 0.043478
3 0.404016 0.601449 0.025224 0.043478
3 0.443843 0.586957 0.025224 0.028986
3 0.436542 0.637681 0.021241 0.050725
3 0.620412 0.636775 0.017259 0.041667
3 0.645636 0.649457 0.025224 0.041667
3 0.664222 0.630435 0.035845 0.057971
3 0.579920 0.522645 0.039827 0.034420
3 0.527481 0.501812 0.030534 0.050725
3 0.483007 0.492754 0.023896 0.057971
3 0.548058 0.408514 0.021241 0.038043
3 0.580584 0.336051 0.033190 0.052536
3 0.601162 0.391304 0.037172 0.057971
3 0.635679 0.452899 0.018586 0.065217
3 0.656920 0.520833 0.037172 0.052536
3 0.715997 0.489130 0.046465 0.047101
3 0.739894 0.419384 0.030534 0.045290