3 0.075000 0.744565 0.067935 0.134058
3 0.109647 0.514493 0.085598 0.159420
3 0.234647 0.481884 0.099185 0.130435
3 0.358967 0.527174 0.046196 0.144928
3 0.492799 0.412138 0.131793 0.063406
3 0.373234 0.209239 0.115489 0.110507
3 0.640217 0.323370 0.119565 0.110507
3 0.827038 0.222826 0.164402 0.076087
3 0.761141 0.473732 0.127717 0.074275
3 0.430299 0.766304 0.077446 0.173913
3 0.536956 0.712862 0.043478 0.193841
3 0.678261 0.687500 0.138587 0.092391
3 0.624592 0.797101 0.104620 0.061594
3 0.867799 0.842391 0.129076 0.090580