2 0.127887 0.255605 0.022928 0.008492
2 0.132345 0.247962 0.016559 0.012455
2 0.138502 0.272022 0.028872 0.009624
2 0.132982 0.284477 0.028023 0.011889
2 0.170983 0.279099 0.021654 0.014719
2 0.112177 0.293818 0.024626 0.011322
2 0.226180 0.286175 0.029297 0.017550
2 0.301333 0.283911 0.032694 0.019814
2 0.285836 0.294950 0.034817 0.014719
0 0.087862 0.344296 0.005574 0.004645
0 0.100753 0.344760 0.004181 0.002787
0 0.087340 0.350334 0.007316 0.004645
0 0.018882 0.360786 0.006968 0.007897
0 0.030379 0.360089 0.006968 0.004645
0 0.160326 0.332219 0.003484 0.003716
0 0.165726 0.338257 0.007316 0.003716
0 0.183494 0.330128 0.007316 0.006039
0 0.171474 0.330593 0.005574 0.004181
2 0.015015 0.404682 0.030030 0.014864
0 0.054940 0.433714 0.006619 0.006039
2 0.066785 0.413276 0.063754 0.018116
2 0.094133 0.428372 0.062709 0.015793
2 0.129668 0.441379 0.071767 0.026942
2 0.157539 0.464372 0.061315 0.023690
2 0.193945 0.479933 0.077690 0.035303
2 0.211190 0.519881 0.082915 0.029729
2 0.257699 0.388192 0.047032 0.018116
2 0.240454 0.407469 0.040412 0.015793
2 0.096746 0.576087 0.058877 0.032516
2 0.224429 0.556345 0.097547 0.033909
2 0.232964 0.605583 0.097896 0.037625
2 0.248293 0.671312 0.071419 0.035303
0 0.202480 0.746330 0.010452 0.015329
0 0.245680 0.695466 0.016722 0.009290
0 0.256828 0.717763 0.006271 0.005574
0 0.249338 0.716602 0.005923 0.006968
0 0.263796 0.711492 0.009755 0.012542
0 0.179836 0.605119 0.006271 0.011613
0 0.173390 0.568655 0.007316 0.013006
0 0.158236 0.505481 0.006968 0.006503
0 0.057901 0.443004 0.006968 0.007897
0 0.023760 0.421405 0.009058 0.005574
0 0.188545 0.448346 0.004877 0.009290
0 0.196035 0.452295 0.007316 0.005110
2 0.372317 0.273597 0.014284 0.010219
2 0.430846 0.340951 0.036580 0.020438
2 0.484845 0.350009 0.046335 0.024619
2 0.486587 0.368357 0.037277 0.014864
2 0.370227 0.370680 0.046335 0.022297
2 0.376324 0.340022 0.016722 0.013935
2 0.349673 0.336306 0.026129 0.014864
2 0.283828 0.413415 0.042851 0.027871
2 0.326853 0.427815 0.061315 0.033445
2 0.350021 0.449879 0.055393 0.025548
2 0.368659 0.471247 0.071070 0.031122
2 0.387472 0.496795 0.073161 0.034838
2 0.421962 0.532562 0.078735 0.045987
2 0.465684 0.578781 0.090928 0.047380
2 0.318318 0.722083 0.070722 0.023690
2 0.490594 0.633129 0.063406 0.040877
2 0.507316 0.689335 0.060619 0.044593
2 0.380330 0.863759 0.090928 0.045058
0 0.331208 0.666667 0.011497 0.007432
0 0.341834 0.646228 0.010452 0.009290
0 0.344795 0.656215 0.011497 0.003252
0 0.362040 0.711492 0.013239 0.012542
0 0.354550 0.672241 0.006619 0.008361
0 0.393743 0.727982 0.008361 0.007432
0 0.412382 0.816239 0.010800 0.009290
0 0.429801 0.844342 0.010800 0.009755
0 0.459762 0.848523 0.011497 0.010684
0 0.464117 0.855955 0.009058 0.011613
0 0.472652 0.711724 0.005923 0.010219
0 0.491813 0.675957 0.008013 0.007432
0 0.334518 0.729840 0.014632 0.007432
0 0.503832 0.614641 0.009755 0.011148
0 0.528045 0.602332 0.008710 0.008826
0 0.472129 0.683157 0.015329 0.016258
0 0.532051 0.699647 0.013935 0.013935
0 0.462897 0.632757 0.009406 0.007432
0 0.413253 0.488062 0.004181 0.007897
0 0.363782 0.493868 0.005574 0.003716
0 0.373014 0.496423 0.013587 0.009755
0 0.364305 0.448579 0.007316 0.004181
0 0.446697 0.520346 0.006271 0.006503
0 0.374234 0.545197 0.006968 0.008826
0 0.408201 0.596293 0.007316 0.014400
0 0.512193 0.801143 0.012542 0.015329
0 0.362214 0.925864 0.021251 0.013006
0 0.530309 0.953270 0.037625 0.025084
0 0.687047 0.946581 0.019858 0.013006
0 0.707428 0.994751 0.033445 0.010498
2 0.677641 0.766304 0.044941 0.038554
0 0.583577 0.743311 0.013587 0.012077
2 0.573822 0.768627 0.070722 0.051561
2 0.577306 0.401663 0.038671 0.019974
2 0.616499 0.387960 0.057832 0.029729
2 0.654299 0.410256 0.033793 0.014864
2 0.701853 0.421637 0.052258 0.025548
2 0.686350 0.448346 0.062361 0.036232
2 0.770485 0.394928 0.033445 0.024155
0 0.519126 0.414669 0.012890 0.008826
2 0.629390 0.334773 0.022297 0.013471
2 0.660222 0.312709 0.014284 0.011148
0 0.785291 0.498885 0.005226 0.013935
0 0.832010 0.925864 0.008361 0.018580