2 0.250977 0.210945 0.015162 0.021716
2 0.341442 0.096614 0.011456 0.014052
2 0.363511 0.130147 0.011119 0.028742
2 0.364016 0.200725 0.011456 0.014052
2 0.364353 0.180286 0.014151 0.021716
2 0.228571 0.430026 0.018868 0.035768
2 0.230593 0.468030 0.016846 0.026188
2 0.233120 0.508588 0.012466 0.024271
2 0.263949 0.438010 0.018868 0.027465
2 0.263275 0.475056 0.014151 0.021078
2 0.266476 0.505714 0.018531 0.027465
2 0.346159 0.465475 0.009434 0.027465
2 0.349191 0.505395 0.010108 0.017884
2 0.336725 0.507630 0.008760 0.023633
2 0.324596 0.505075 0.013477 0.033852
2 0.158322 0.611103 0.017857 0.023633
2 0.328807 0.578209 0.007749 0.017884
2 0.379852 0.566073 0.013477 0.038323
2 0.383895 0.525515 0.008760 0.027465
2 0.376314 0.784196 0.020553 0.033852
2 0.307918 0.511143 0.009771 0.024271
2 0.302864 0.434177 0.015162 0.027465
2 0.302190 0.403519 0.019205 0.024910
2 0.344643 0.058546 0.016509 0.033213
2 0.388106 0.088310 0.013814 0.021716
2 0.412197 0.136853 0.013477 0.026826
2 0.486152 0.472181 0.013814 0.033213
2 0.438309 0.483998 0.013814 0.024910
2 0.411523 0.445036 0.013477 0.015968
2 0.693733 0.420637 0.012803 0.026188
2 0.755728 0.752899 0.015499 0.022355
2 0.768699 0.824436 0.011119 0.018523
2 0.772574 0.850942 0.012129 0.017884
2 0.770721 0.882559 0.014488 0.022355
2 0.799865 0.788029 0.011456 0.026188
2 0.608154 0.801122 0.011456 0.033213
2 0.852864 0.795757 0.011792 0.034491
2 0.887230 0.796715 0.011119 0.026188