2 0.213593 0.127398 0.019321 0.016517
2 0.331254 0.354380 0.012881 0.012255
2 0.192786 0.433504 0.022294 0.017050
2 0.185107 0.402334 0.019817 0.020780
2 0.277254 0.489450 0.023780 0.022379
2 0.268832 0.455616 0.019817 0.018649
2 0.268089 0.434836 0.014367 0.018649
2 0.286667 0.427110 0.015853 0.017050
2 0.306484 0.436967 0.011890 0.015452
2 0.324566 0.444693 0.011395 0.026641
2 0.305740 0.474798 0.009413 0.010124
2 0.288401 0.464940 0.016349 0.022379
2 0.342153 0.454017 0.015853 0.019714
2 0.325805 0.484655 0.016844 0.022379
2 0.360732 0.464141 0.017340 0.023977
2 0.377080 0.448689 0.017340 0.013321
2 0.370640 0.416986 0.017340 0.014919
2 0.380548 0.469736 0.013376 0.012788
2 0.401356 0.449489 0.012385 0.014919
2 0.412007 0.444427 0.012881 0.016517
2 0.360979 0.634911 0.014862 0.023444
2 0.395658 0.654359 0.021798 0.019714
2 0.384759 0.672474 0.023780 0.016517
2 0.406062 0.322997 0.016844 0.013853
2 0.380300 0.344043 0.010899 0.010124
2 0.345869 0.379209 0.019321 0.017583
2 0.403833 0.362692 0.010404 0.023977
2 0.420181 0.376279 0.013376 0.025575
2 0.392686 0.402920 0.010899 0.022379
2 0.408044 0.407982 0.010899 0.022911
2 0.634845 0.166507 0.021798 0.019714
2 0.645249 0.148924 0.017835 0.021846
2 0.546661 0.299979 0.011890 0.019182
2 0.444110 0.344469 0.018826 0.022911
2 0.467642 0.386562 0.012385 0.011189
2 0.493156 0.375906 0.011890 0.012255
2 0.537000 0.400682 0.015358 0.014919
2 0.598184 0.432385 0.019817 0.020780
2 0.618249 0.413470 0.012385 0.012788
2 0.554588 0.410539 0.007927 0.010124
2 0.551615 0.588235 0.009908 0.014919
2 0.531303 0.577579 0.012881 0.017050
2 0.426523 0.629263 0.013376 0.017050
2 0.574900 0.639919 0.012881 0.017050
2 0.561523 0.667626 0.009908 0.011722
2 0.551367 0.689738 0.010404 0.013321
2 0.534028 0.724638 0.010404 0.011722
2 0.511239 0.720908 0.011395 0.011722
2 0.489936 0.813619 0.010404 0.015985
2 0.495138 0.831202 0.011890 0.012788
2 0.510496 0.844523 0.013872 0.018116
2 0.529074 0.857310 0.016349 0.017050
2 0.542450 0.845322 0.008422 0.016517
2 0.559294 0.825075 0.017340 0.013321
2 0.599918 0.844256 0.016349 0.013321