2 0.142654 0.512483 0.017689 0.023546
2 0.146296 0.464631 0.008324 0.026585
2 0.166065 0.464631 0.006243 0.028104
2 0.177685 0.468429 0.010752 0.026585
2 0.179245 0.495773 0.017342 0.014432
2 0.178725 0.518940 0.008671 0.015191
2 0.178898 0.549702 0.013873 0.018989
2 0.144562 0.577426 0.011792 0.013672
2 0.142827 0.547423 0.015261 0.014432
2 0.110398 0.601352 0.014914 0.026585
2 0.220692 0.577578 0.017689 0.021268
2 0.217571 0.549094 0.014220 0.022027
2 0.244104 0.498204 0.006937 0.035699
2 0.255029 0.506179 0.013527 0.027344
2 0.321240 0.547727 0.012486 0.017470
2 0.299910 0.515066 0.009365 0.026585
2 0.291239 0.526079 0.011446 0.022787
2 0.320547 0.526079 0.008324 0.019749
2 0.452865 0.556462 0.017689 0.039497
2 0.631625 0.284387 0.012139 0.033421
2 0.616884 0.362622 0.010405 0.025825
2 0.625728 0.389586 0.012139 0.020508
2 0.692182 0.507926 0.014914 0.037218
2 0.803170 0.773392 0.015608 0.027344